%YAML:1.0
---
v0: !!opencv-matrix
   rows: 9
   cols: 10
   dt: d
   data: [ 6.1072849549645172e+00, 3.9126322531586024e+00,
       1.9512190259139938e+01, -1.3243748813164412e+01,
       -1.8405675166677860e+01, 1.7732928177084291e+00,
       -1.9189750839866566e+01, -1.5612188903868109e+01,
       4.1906325193435845e-01, -2.3838198258766257e+00,
       2.4258485551932988e+01, 1.5742445950522592e+01,
       3.1900105734038080e+00, 1.3624686770037588e+01,
       7.9737869588654595e+00, 4.2773692134425945e+00,
       -8.1674619064355323e+00, -7.2786465035054748e+00,
       -1.7900554261640860e+01, 1.0709513478998566e+01,
       6.2510566240928367e-01, 1.0787570742967529e+00,
       7.4795513723829032e-01, 1.1835354956393549e+00,
       1.0232662866098159e+00, 1.9425503036171587e+00,
       -7.8375850526443649e-02, 1.4497710225180511e+00,
       -1.9782196210715347e-01, -1.0642873798156856e-01,
       -2.0798274150732482e+01, -1.6453418299793015e+01,
       9.4564189222198642e+00, -1.1079101082458049e+00,
       -2.2499448867052092e+01, 1.2364209067906710e+01,
       4.4046150622150231e+00, 2.9819735228248977e+01,
       3.4531465342197905e+01, 8.9009702048414638e+00,
       -2.1785995271193610e+01, -5.5864198662498472e+00,
       -2.6587521085323310e+01, -5.5892412322634755e+00,
       1.0130499206769633e+01, -4.1931923985780976e+01,
       1.8835691098239156e+01, 2.1174420372106862e+01,
       -2.1182818262462476e+01, -2.3923727845283462e+00,
       -2.9348042334033543e+01, -1.1154144755588286e+01,
       7.4270477615349710e+00, 2.3923200140884466e+00,
       2.1702060649254690e+01, -1.9570676681318862e+01,
       -3.6948822053104990e+01, 6.4278130040961012e-01,
       3.7696226903632827e+01, 3.3929354246186641e+01,
       1.3475768308478152e+01, -9.1266233652963047e-01,
       1.8185329867193152e+00, -4.9232933859046818e-01,
       1.2932790277925070e+00, 5.2079066659961882e+01,
       7.6486598202112086e+00, 1.2997361498484631e+01,
       3.3146184067228281e+00, 9.0918683517574763e+00,
       9.4786380774407630e-01, 4.0719294134194985e+00,
       -4.5248435372076798e+00, 1.3680680919016055e+01,
       -1.1507770167996062e+01, 5.4979655495360760e+00,
       2.1579803378353354e+01, 1.8259132835946236e+01,
       -1.0264274111843592e-01, 2.0357504179871707e+01,
       -6.5967874530253301e+00, -6.5328076317779504e-01,
       2.5256210457461545e+01, 4.8015919374789844e+00,
       2.2772040453197185e+01, -2.4144163112345442e+01,
       3.1191727958751727e+00, -2.9904253881238766e+01,
       4.0961812456453277e+00, -2.4820703646940935e+01 ]
w0: !!opencv-matrix
   rows: 10
   cols: 4
   dt: d
   data: [ -4.5339563903114195e+00, -1.2415483854214682e+00,
       -1.8968651268083327e+01, 3.6117265659437621e+01,
       -1.4631916061623366e+01, -1.3866318098524248e+01,
       3.8556256116066541e+00, 1.8808475748266972e+01,
       -2.2952003523485679e+01, -3.3420268038032795e+01,
       -2.2105756143988931e+01, -1.0085939691006471e+01,
       -1.0105284560354713e+01, -5.2327878778748085e+00,
       2.0510884760601403e+01, 1.3409129977346186e+01,
       7.5091963113729079e-02, 2.7865513944222904e+01,
       2.3843430732109137e+01, 3.3969931153598573e+01,
       2.0240847281181162e+00, -1.6127411205719060e+01,
       3.9256669150671847e+01, -2.4901687082493382e+01,
       4.2140900654948723e+00, -4.2309027516561279e+00,
       -3.6334880435929463e+01, -1.7302579359625671e+01,
       1.0536853476578614e+01, -2.7399974396784181e+01,
       2.1362616919697082e+01, -2.1459997962420225e+01,
       2.1545097125683817e+01, 3.3640613023118171e+01,
       -7.6693079077916435e+00, -2.9573140404460855e+01,
       -4.9468944905928272e+00, 3.6371450918867389e+01,
       -7.7685674555924749e+00, 1.6019559331965713e+01 ]
