%YAML:1.0
---
v0: !!opencv-matrix
   rows: 7
   cols: 10
   dt: d
   data: [ -2.2867991809497326e+01, -2.1377149157541684e+01,
       -2.9441821270628545e+00, -6.0949720082503300e-01,
       1.2529972911598534e+01, 2.0851952771725962e+01,
       -3.5510831493018166e+01, -4.2591108153028916e+00,
       5.3365893457363729e+00, 4.3850223427429398e+01,
       1.1182937512789566e+01, 5.7125432054294343e+01,
       -1.4860528242982538e+01, -9.6570190904464699e+00,
       -2.0864492159675927e+00, 4.0710915547407168e+01,
       2.7654819269751648e+01, 2.5973548286804505e+01,
       -1.4973357623739276e+00, -4.5141710344138865e+01,
       8.6939014368287157e+00, -3.7739514972682727e+01,
       4.3663717289757287e+01, 4.1329423470440204e+01,
       2.6846302318678521e+01, -3.4881662971831894e+01,
       -1.9475089982794639e+01, 1.0427042943223908e+01,
       9.6385732281913605e-01, 1.4419548862335546e+01,
       1.3000959718920155e+01, 2.2249133598105661e+01,
       1.1154394894649972e+01, -4.2129875006392012e+01,
       -8.6639019563265247e+00, -1.8214905885179689e+01,
       2.6529832498319024e+01, -3.7664747846472643e+01,
       -7.1550609765860251e+00, -2.3869081555558061e+01,
       -3.6908461801586721e+00, -4.8012309424673823e+01,
       1.0332287579614967e+01, -2.7279693114497022e+01,
       -2.2281456913361151e+01, -2.6823012820286184e+01,
       -1.8984916415701694e+01, 4.6885027633410942e+01,
       1.0181779193779901e+01, -2.9692770429358106e+01,
       -9.2694568703468694e-01, -8.4233131260667199e-02,
       -1.8243755866185598e+00, 2.2787181484595265e+00,
       -1.2561765791544950e+01, -7.7423418468345639e-01,
       -2.0318288888624441e+00, -2.7597168765178232e-01,
       6.1434447298827948e+00, -6.6170650324342608e+00,
       -1.5851841615203611e+01, -4.5593984512773442e+00,
       -6.6543785724678273e+00, -2.8974355217999275e+00,
       8.9238264356589649e+00, -6.5881684171715138e+00,
       9.6700630534302690e+00, 9.9241711867194145e+00,
       8.2975137399983705e+00, 3.5956868937758038e+01 ]
w0: !!opencv-matrix
   rows: 10
   cols: 4
   dt: d
   data: [ 8.3368144369252963e+00, 1.2077876817349020e+01,
       1.9688656853636981e+01, 3.9958072939443219e+00,
       3.2434780420932960e+00, 1.5128408378495832e+01,
       2.7586040367030932e+01, 3.4976812772860860e+01,
       1.5965001093026578e+01, 2.9144165430851810e+01,
       8.4218974349016342e+00, -2.2960979271772992e+01,
       1.0359210912126390e+01, -4.5698266260656766e+01,
       -1.8182080716514196e+01, -5.3402964044654915e+01,
       9.3040113449013067e+00, -2.7924769484963164e+01,
       -9.4666379073287441e+00, -5.9089428317681101e+00,
       -1.2186416677002091e+01, -6.4421731632545623e-02,
       1.9891597214188227e+01, 3.3087323699092629e+01,
       3.3525761478374037e+00, -2.8623671392586598e+01,
       2.0556807714159362e+01, -8.9361834411565937e+00,
       -6.8678749584609697e+00, 4.7456434389814390e+01,
       1.7797249903104806e+01, 1.0229824755732251e+01,
       -1.3109258974386956e+01, -5.9147073737846476e+00,
       4.8433617724670635e+00, -3.9954655163624095e+00,
       -6.9446224910221082e+00, -3.9661821653363298e+00,
       -2.4967331562444816e+01, 2.1098040673212028e+00 ]
