%YAML:1.0
---
v0: !!opencv-matrix
   rows: 6
   cols: 7
   dt: d
   data: [ 4.2323826758970873e-01, 7.5320554842530174e-01,
       2.3995018872582083e-01, 5.9485697992543995e-01,
       5.7985462274858357e-01, 7.0175702079274171e-01,
       -5.8218175307507170e-01, -5.1509961832911108e-02,
       1.9411681810056602e-01, 2.9693757203314314e-01,
       7.1738164570130858e-01, 1.3477998361839838e+00,
       6.2360153756303105e-01, -1.1790703705924084e+00,
       -4.4084625755073631e-01, 2.8549419682717020e-01,
       -3.1636048191106041e-02, 6.5916328129546164e-01,
       2.4031280477065136e+00, 1.5868644954079472e+00,
       -1.5020669691186925e+00, 1.6445133763448549e+00,
       8.0133138498859013e-01, 1.2893541653722251e+00,
       1.0660003688651054e+00, -3.5952657291932204e+00,
       -1.9055342140024192e+00, 3.6625103798635403e+00,
       7.3597044872743067e-01, 8.2736860108102417e-01,
       5.5140562388444780e-01, 2.8421933033455604e-01,
       -6.6803281205066178e-01, 2.3340696132677089e-02,
       9.0860642663466207e-01, 1.7962118109336060e+00,
       8.1568777838758300e-01, 1.4295364793017353e+00,
       1.1745656442637811e+00, -4.0264503820196307e+00,
       -2.4344925157979675e+00, 4.1925327771534500e+00 ]
w0: !!opencv-matrix
   rows: 7
   cols: 4
   dt: d
   data: [ -8.3055285258571110e-01, -1.1266260946960214e+00,
       -1.3068642474283123e+00, 1.9036094985978169e+00,
       -1.4879662224907051e+00, -1.3000176181838241e+00,
       -1.0476108897193428e+00, 4.2360532481976859e-01,
       -1.5241165795679854e+00, -1.2024455139171513e+00,
       -1.1452947442973862e+00, 1.2863563516967531e+00,
       -1.4605016621139670e+00, -1.6545319311175917e+00,
       -1.6295642897449780e+00, 5.4088986582726006e-01,
       -1.1340039549833969e+00, -9.6304621051947636e-01,
       -1.2156070846498925e+00, -6.7951061007516520e+00,
       -1.2375617880482570e+00, -8.8046546860794450e-01,
       -1.0159659424192007e+00, -4.0498673666022524e+00,
       -7.7057200025722916e-01, -1.4120605848523466e+00,
       -1.1300362263157044e+00, 5.6759964093661379e+00 ]
