%YAML:1.0
---
v0: !!opencv-matrix
   rows: 5
   cols: 7
   dt: d
   data: [ 7.2516609494255402e+00, -4.0286475964303442e+01,
       5.2095969567582088e+01, -3.1165520857975686e+00,
       -1.2430476656673560e+01, 5.0507274642318274e+00,
       -8.8875666547963839e+00, 1.4448431071680689e+01,
       -1.9029693147296651e+01, -2.4701229424000132e+01,
       2.7603306231379499e+01, 2.9969669468453972e+01,
       -5.8185612991827561e+01, 2.2763310454065049e+01,
       -6.3587803951428235e+01, 3.4980337069010474e+01,
       -3.3677535620268024e+01, -1.2021802758657843e+01,
       -4.4774557613528430e+00, 1.2652449126381049e+01,
       -7.6631339062859616e-01, 1.0422620509690852e+02,
       -4.9369009710045134e+01, -6.1275597463250469e+00,
       4.4173602872902336e+01, 6.5170906252750953e+01,
       -1.3166849389483946e+01, -4.5174249073341997e+01,
       6.2020176557589695e+00, -2.3906163320885323e+01,
       5.5753454429422469e+00, -1.0022065386183383e+01,
       -9.3007585045100249e-01, 7.1566001419526515e+00,
       -5.5591756159419770e-01 ]
w0: !!opencv-matrix
   rows: 7
   cols: 4
   dt: d
   data: [ -5.9562119374747418e+01, 3.1535980980601341e+01,
       -2.8873688670602498e+01, 2.2065634705451625e+01,
       -1.8419146185349744e+00, 2.2162675945939270e+01,
       3.3055227632182699e+01, 7.1236158033274481e+00,
       -4.0599777220785555e+01, -3.0373235827487271e+01,
       4.3950219626438489e+01, -1.8599667459744236e+01,
       2.4133485680425832e+00, -1.3977654297161948e+01,
       2.8857857819568039e+01, 4.4797711126568744e+00,
       -3.0544523392289349e+01, 2.3661769937864756e+00,
       1.6010668830324654e+01, -5.3910506263785756e+01,
       1.4936008813181356e+01, -3.8238771870845225e+00,
       -1.5440274441054259e+01, 4.9629791109299966e+01,
       3.5057818043842218e+01, 6.0422208019437251e+00,
       -9.4499980429884701e+01, 1.4008661112631312e+01 ]
