%YAML:1.0
---
v0: !!opencv-matrix
   rows: 4
   cols: 7
   dt: d
   data: [ 9.8408881426716714e+00, 5.9442614249175545e+00,
       7.0071117472656512e+00, -3.5341984549818264e+01,
       4.2369612089068589e+00, -2.8407883474848472e+01,
       -3.2515098181255027e+01, -3.6708967882670265e+01,
       -4.5132154044311207e+01, -9.5858443986023580e+00,
       2.3108396571447702e+01, 1.0141984299515897e+01,
       8.4318255482431521e+00, 2.0613285663688341e+01,
       2.8609364912314959e+01, -1.3409467157245099e+00,
       -3.5372599249932151e+01, -7.6157752300264949e+00,
       -3.8367796112032551e+01, 9.8695061623027556e+00,
       -9.3456502124120142e+00, 2.4221653496649854e+01,
       3.9535265954937366e+01, 1.1835619646191448e+02,
       -3.1655767654332903e+00, 7.0243641294863224e+01,
       -3.8908185552613119e+01, -5.2465854872888817e-01 ]
w0: !!opencv-matrix
   rows: 7
   cols: 4
   dt: d
   data: [ -2.5040720131439976e+01, 3.3509337343530355e+01,
       -2.8088937383717365e+01, 6.0554967792835610e+00,
       5.8427502071722293e+00, -4.7803396032772341e+01,
       1.3902493357738939e+00, 1.2378443737470562e+01,
       -2.3536447395698410e+01, 1.2855916416230148e+01,
       5.6552783041700522e+01, -1.9704138705541048e+01,
       -9.0598953751045332e+00, -2.0805785094564907e+01,
       -3.1131374643304650e+01, -3.3981120122905821e+01,
       -8.0311964115797601e+00, 1.4490547126939637e+01,
       -4.5174998667430906e+00, 2.5228803470242422e+01,
       3.2791159943822564e+01, 7.0971751546550736e+00,
       4.0404330840890410e+01, -5.1627434101331762e+00,
       -1.1218899359087793e+00, -1.4221029347582336e+01,
       -2.7095261914924784e+01, -2.7335497138876235e+01 ]
