%YAML:1.0
---
v0: !!opencv-matrix
   rows: 7
   cols: 10
   dt: d
   data: [ -9.1531926437592013e+00, -4.4595822277894598e+01,
       4.3013118420875593e+01, 3.5163649218498452e+00,
       -1.7200633277356648e+01, -2.4652645013286636e-02,
       -1.2989081496875309e+01, 3.7431522282772254e+00,
       -1.0105031275995882e+01, 7.8716480350935969e+00,
       -9.2792678711309300e+00, 8.8420471968843390e+00,
       -3.4587519227493466e+01, 4.1404043543788606e-02,
       2.2710643374858421e+01, 1.4065819464502892e+01,
       -5.4314770845451168e+00, -6.7899732550502598e+00,
       2.3334313293140998e+01, 1.0967978191510159e+01,
       -6.0550348671602308e+00, -8.4418800916768966e+00,
       1.1508884237893833e+01, 6.9916442752195005e+00,
       1.2952841536280362e+01, -2.4850643380613285e+01,
       2.8140836693359130e+01, -3.5314987360297991e+01,
       4.4542150835838477e+01, -4.2039475133865089e+01,
       2.5531619726899308e+01, 1.8082463535859304e+01,
       -4.7336659053743748e+00, -1.7966929685993506e+01,
       -1.8698865551545659e+01, -2.2772365328296900e+01,
       -4.1769797019393167e+01, 1.6233271667258895e+00,
       -5.7392483918114358e+01, -3.0228537934146598e+01,
       1.0540482234960812e-01, 9.0789385476122186e-01,
       -1.3500591327228536e+01, 4.8145577721764063e+01,
       1.0410641135729628e+01, -5.1630046762210341e+01,
       -4.1009743446358954e+01, 2.0843624555725942e+01,
       1.1648569019546555e+01, -4.2575270506642397e+01,
       2.8754553816286532e+00, 4.0364201447236363e+00,
       2.8950481582596936e+01, 6.3167986414895694e+00,
       -1.0681427657506762e-01, 8.4523890665105057e+00,
       3.3284825150547327e+01, 1.2534128159164174e+01,
       -2.0289177361989445e+01, -4.9957881149023180e+00,
       -1.2264755975707326e+01, 1.2793532991298071e+00,
       -9.4992019883380578e+00, -1.4569091318772987e+01,
       -4.0051698663771473e+00, -2.0518502234322174e+01,
       3.1948474279979813e+01, 9.7019775001776143e+00,
       2.6853731081627110e+01, 1.0203542978350196e+01 ]
w0: !!opencv-matrix
   rows: 10
   cols: 4
   dt: d
   data: [ 1.8930653696765763e+01, 2.4580222761661695e+01,
       3.0869112089574591e+00, 5.7924297446577482e+00,
       5.2921236131505180e+00, -1.9403247589849773e+01,
       2.2260743221451737e+01, -2.8129151663969399e+01,
       1.4017300608924237e+00, -1.8714606809526355e+01,
       -1.5574732110949956e+01, -2.8470725934903605e+01,
       -2.1224029933562075e-01, 2.7780900551867781e+01,
       2.0167674569128643e+01, -1.6733791426035019e+01,
       2.2961966175394437e+00, 2.2095610283957003e+00,
       2.6868456179797807e+01, -1.6721741427044456e+01,
       -1.1816960406805649e+01, -9.4917509120171850e+00,
       -1.6228247684535791e+01, 3.6928129441553281e+01,
       1.1226105870071182e+01, -4.4324650993004106e+01,
       -4.7712173012440990e+00, -4.5498328120810577e+01,
       -1.5993214700848664e+01, 1.7764147037006968e+01,
       1.9947247855548991e+01, 5.6747495814878036e+01,
       -5.1900152411025040e+00, 3.9612254301272827e+01,
       -3.2618206081490278e+01, -4.1838065116612215e+00,
       -1.2428167759125515e+01, -4.7898070128279793e+00,
       -1.1506812918677422e+01, 3.1062357545402897e+01 ]
