%YAML:1.0
---
intrinsic: !!opencv-matrix
   rows: 3
   cols: 3
   dt: d
   data: [ 3.2575309863446287e+03, 0., 3.1306769574040220e+02, 0.,
       4.4582211130701489e+03, 2.3954921506697445e+02, 0., 0., 1. ]
distCoeffs: !!opencv-matrix
   rows: 1
   cols: 5
   dt: d
   data: [ -7.6400578938265689e+00, 2.3402455793694813e+02,
       -1.3398140359244111e-02, 1.0848676964038938e-01,
       1.1948890655372484e+00 ]
