%YAML:1.0
---
intrinsic: !!opencv-matrix
   rows: 3
   cols: 3
   dt: d
   data: [ 1.4187571550814071e+03, 0., 3.0573900493546449e+02, 0.,
       1.4160008116424183e+03, 2.4334785964733885e+02, 0., 0., 1. ]
distCoeffs: !!opencv-matrix
   rows: 1
   cols: 5
   dt: d
   data: [ -1.0984540692713267e+00, 3.0569216998271016e+00,
       2.8155669320785886e-03, 3.9549927813051534e-03,
       5.7374512553713588e+00 ]
